3910
379720
403640
9200
219990
268910
881000
379720
46260
24010
612470
235210
570940
254440
286040
34900
9900
27400
3810
379720
252430
409710
448510
382890
427190
4850
365360
2210
409720
3910
311290
32740
255070
202710
418950
72850
32470
304390
287450
702320
47890
22330
72850
307780
255420
504370
521890
17410
302190
324800
98400
232090
306760
48950
881000
42960
271240
547860
215530
253230
215530
6220
272470
2990
272470
10190
457960
4570
578620
686260
617830
244430
63660
34030
620980
261030
517710
471660
10180
450390
57900
6830
554620
258970
606180
517710
227480
8190
250400
264710
496240
290040
409870
397550
622170
219990
384110
47900
238010
591370
603800
379720
40990
297000
637650
218680
41210
501590
595520
389570
32400
47410
379430
15710
5710
471660
606180
418460
282210
2850
232090
700030
2840
253230
48720
766570
412830
500
464450
825630
356400
675010
383120
307350
548430
377860
260650
550650
253610
381210
366000
379430
588210
5710
15700
224420
409710
611500
9350
395270
282440
435300
400940
462780
255520
361420
32470
38400
24780
323470
7670
40970
379720
211420
10540
497510
33530
2270
21100
405900
476530
224920
4580
9450
238010
39140
505170
268910
17410
307780
275850
32460
210970
32360
33610
9810
424840
40720
19900
687260
346850
2210
675010
348300
9900
13210
289690
412830
22650
63500
70650
465430
322770
32800
292030
263560
524220
72850
304430
313630
201570
436320
638970
232090
489380
436940
451840
6910
337940
496240
667720
488760
450390
380220
384750
21110
533970
518580
402260
72850
361280
245620
7850
491530
888680
4720
412740
300060
49400
